2.53 0.38 -1.36 1.57 2.01 -1.47 
-1.83 1.92 1.18 -1.57 1.89 -1.61 
-0.72 0.99 -2.63 -1.98 2.16 -0.20 
1.37 1.19 -2.27 -1.12 1.87 -1.96 
-1.16 2.65 -0.27 0.31 2.80 -0.85 
-2.80 0.69 0.27 -2.54 1.48 -0.03 
-0.39 1.98 2.08 -1.80 1.40 1.85 
-1.10 0.54 2.63 -2.68 0.54 1.11 
2.54 1.39 0.09 2.39 1.50 -0.79 
0.44 2.80 0.63 -0.02 2.75 -1.07 
1.62 1.85 1.54 1.52 1.76 1.79 
-2.20 1.48 -1.18 -2.46 1.43 -0.69 
1.35 2.44 -0.82 -0.03 2.46 -1.62 
-0.14 2.33 -1.72 0.06 2.82 -0.81 
-2.02 0.05 -2.08 -2.43 0.86 -1.38 
1.49 0.44 2.45 -0.03 2.72 1.14 
-1.83 1.92 1.18 -2.53 1.40 0.51 
-2.20 1.48 -1.18 -1.01 0.96 -2.59 
-2.02 0.05 -2.08 -1.04 0.81 -2.62 
0.44 2.80 0.63 2.14 1.54 1.31 
-0.39 1.98 2.08 -1.81 1.10 2.04 
2.53 0.38 -1.36 2.27 1.41 -1.20 
1.37 1.19 -2.27 -1.22 1.05 2.45 
1.62 1.85 1.54 2.00 1.64 1.42 
-1.16 2.65 -0.27 2.63 1.23 0.48 
-0.14 2.33 -1.72 0.02 2.89 0.59 
1.49 0.44 2.45 0.32 1.99 -2.14 
-0.72 0.99 -2.63 -1.81 1.52 -1.74 
-2.80 0.69 0.27 -2.60 1.35 -0.15 
2.54 1.39 0.09 2.67 1.22 0.12 
1.35 2.44 -0.82 1.03 1.44 -2.34 
-1.10 0.54 2.63 -2.26 0.40 1.82 
2.53 0.38 -1.36 2.19 1.32 -1.46 
0.44 2.80 0.63 0.14 2.82 -0.80 
-0.72 0.99 -2.63 -1.63 0.93 -2.25 
-2.02 0.05 -2.08 -0.99 0.85 -2.63 
-0.14 2.33 -1.72 -2.82 0.67 -0.52 
2.54 1.39 0.09 2.47 1.46 0.59 
1.37 1.19 -2.27 1.96 0.79 -2.04 
-1.83 1.92 1.18 -2.76 0.87 0.45 
-1.10 0.54 2.63 -2.22 1.10 1.59 
-0.39 1.98 2.08 -0.79 2.70 0.88 
-1.16 2.65 -0.27 1.77 1.68 1.64 
1.49 0.44 2.45 0.13 2.72 -1.13 
-2.80 0.69 0.27 -2.58 1.10 -0.89 
-2.20 1.48 -1.18 -1.44 0.83 -2.41 
1.62 1.85 1.54 1.83 1.16 1.99 
