-0.14 2.33 -1.72 -0.04 2.80 -0.90 
-1.83 1.92 1.18 -1.76 2.29 0.49 
-0.39 1.98 2.08 0.03 2.77 1.00 
1.37 1.19 -2.27 1.65 1.43 -1.96 
1.62 1.85 1.54 2.01 1.97 0.86 
-2.20 1.48 -1.18 -2.42 0.95 -1.35 
1.35 2.44 -0.82 1.34 1.75 -1.94 
-2.02 0.05 -2.08 -2.72 1.11 -0.13 
-0.72 0.99 -2.63 -1.65 1.71 -1.74 
1.49 0.44 2.45 2.34 1.67 0.63 
0.44 2.80 0.63 1.15 2.71 0.18 
-1.16 2.65 -0.27 -1.58 2.48 -0.29 
-1.10 0.54 2.63 -0.52 2.72 1.01 
-2.80 0.69 0.27 -1.85 2.28 0.08 
2.53 0.38 -1.36 2.78 0.91 0.18 
2.54 1.39 0.09 2.43 1.65 0.21 
-2.02 0.05 -2.08 -2.24 1.03 -1.60 
-1.10 0.54 2.63 -0.93 2.77 -0.38 
2.53 0.38 -1.36 2.78 0.76 -0.58 
-0.39 1.98 2.08 0.03 2.80 0.89 
-1.83 1.92 1.18 -1.90 2.22 0.28 
-2.80 0.69 0.27 -2.54 1.43 0.35 
1.49 0.44 2.45 1.12 2.53 1.00 
1.35 2.44 -0.82 1.77 2.33 0.18 
-0.72 0.99 -2.63 -0.68 1.95 -2.08 
1.37 1.19 -2.27 0.92 2.03 -1.92 
0.44 2.80 0.63 1.50 2.48 0.54 
-0.14 2.33 -1.72 0.16 2.80 0.87 
-1.16 2.65 -0.27 -2.79 0.89 0.10 
-2.20 1.48 -1.18 -2.35 1.10 -1.39 
2.54 1.39 0.09 2.88 0.46 0.28 
1.62 1.85 1.54 2.00 1.60 1.45 
0.44 2.80 0.63 1.57 2.36 0.78 
-1.83 1.92 1.18 -1.70 2.40 0.07 
-2.80 0.69 0.27 -2.58 1.38 -0.11 
1.35 2.44 -0.82 2.37 1.75 0.01 
1.37 1.19 -2.27 1.33 1.65 -2.06 
1.62 1.85 1.54 1.80 2.04 1.13 
-2.20 1.48 -1.18 -2.43 1.59 -0.50 
-1.16 2.65 -0.27 -1.72 2.39 -0.01 
-0.72 0.99 -2.63 -0.73 1.32 -2.51 
-2.02 0.05 -2.08 -2.14 0.33 -1.98 
1.49 0.44 2.45 1.98 1.59 1.49 
-1.10 0.54 2.63 -0.85 2.55 1.18 
2.53 0.38 -1.36 2.63 1.11 -0.70 
2.54 1.39 0.09 2.50 1.55 -0.06 
-0.14 2.33 -1.72 0.17 2.91 -0.42 
