-2.02 0.05 -2.08 -0.90 1.71 -2.22 
-0.39 1.98 2.08 0.30 2.64 1.26 
-1.16 2.65 -0.27 -1.10 2.74 0.08 
-0.72 0.99 -2.63 -0.14 1.70 -2.39 
1.62 1.85 1.54 0.77 2.73 -0.82 
-1.10 0.54 2.63 -1.70 1.55 1.83 
-0.14 2.33 -1.72 0.07 2.93 0.27 
2.54 1.39 0.09 2.41 1.67 -0.27 
-2.80 0.69 0.27 -2.45 1.64 -0.09 
0.44 2.80 0.63 0.61 2.40 -1.60 
-1.83 1.92 1.18 -0.82 2.64 -0.99 
2.53 0.38 -1.36 0.45 1.72 -2.35 
-2.20 1.48 -1.18 -1.42 2.56 -0.24 
1.49 0.44 2.45 0.45 2.74 -1.01 
1.35 2.44 -0.82 -0.10 1.48 -2.53 
1.37 1.19 -2.27 -0.01 1.47 -2.55 
1.35 2.44 -0.82 1.11 1.81 -2.02 
-0.14 2.33 -1.72 -0.32 2.92 -0.20 
-2.02 0.05 -2.08 -2.37 1.61 -0.67 
-1.10 0.54 2.63 -0.75 2.66 1.00 
0.44 2.80 0.63 0.41 2.62 -1.27 
-1.83 1.92 1.18 -0.87 2.80 -0.25 
1.49 0.44 2.45 0.39 2.64 -1.23 
1.37 1.19 -2.27 -0.54 1.85 -2.22 
-0.72 0.99 -2.63 -0.22 1.62 -2.45 
-2.20 1.48 -1.18 -2.19 1.96 -0.07 
2.53 0.38 -1.36 0.97 1.51 -2.33 
-0.39 1.98 2.08 0.00 2.69 1.20 
-1.16 2.65 -0.27 -0.83 2.82 0.13 
1.62 1.85 1.54 1.29 2.61 -0.39 
-2.80 0.69 0.27 -2.12 2.05 -0.04 
2.54 1.39 0.09 1.46 1.92 -1.67 
1.35 2.44 -0.82 0.23 1.68 -2.40 
-2.20 1.48 -1.18 -1.89 2.25 0.06 
-1.10 0.54 2.63 -0.15 2.83 0.78 
-2.02 0.05 -2.08 -1.87 1.99 -1.08 
-0.39 1.98 2.08 0.10 1.29 2.64 
-0.72 0.99 -2.63 0.03 2.95 0.02 
-1.83 1.92 1.18 -1.02 2.76 0.04 
0.44 2.80 0.63 0.96 2.77 -0.23 
1.49 0.44 2.45 0.57 2.24 -1.81 
-1.16 2.65 -0.27 -0.91 2.80 -0.01 
-0.14 2.33 -1.72 -0.01 2.93 -0.21 
1.37 1.19 -2.27 0.86 2.23 -1.71 
2.53 0.38 -1.36 -0.40 1.80 -2.28 
1.62 1.85 1.54 -0.25 2.39 -1.70 
-2.80 0.69 0.27 -0.98 2.77 -0.06 
