0.44 2.80 0.63 1.41 2.58 0.03 
1.35 2.44 -0.82 0.88 2.00 -1.97 
-2.02 0.05 -2.08 -1.68 2.14 -1.12 
-0.14 2.33 -1.72 0.04 1.41 2.57 
-2.80 0.69 0.27 -2.47 1.54 -0.40 
-1.10 0.54 2.63 -1.31 2.63 0.13 
2.54 1.39 0.09 1.33 2.57 -0.51 
-1.16 2.65 -0.27 -0.88 2.80 -0.08 
1.62 1.85 1.54 0.32 2.60 -1.34 
1.49 0.44 2.45 1.28 0.21 -2.63 
1.37 1.19 -2.27 1.16 1.96 -1.86 
-0.72 0.99 -2.63 -0.97 2.74 -0.51 
-0.39 1.98 2.08 -0.12 2.94 -0.03 
-2.20 1.48 -1.18 -1.31 2.60 -0.40 
-1.83 1.92 1.18 -1.23 2.64 0.41 
2.53 0.38 -1.36 1.41 1.73 -1.91 
-0.72 0.99 -2.63 -0.39 2.89 -0.47 
-2.20 1.48 -1.18 -1.82 2.22 -0.64 
1.49 0.44 2.45 1.85 2.21 -0.54 
-2.80 0.69 0.27 -2.16 1.94 -0.46 
0.44 2.80 0.63 1.12 2.57 0.88 
2.54 1.39 0.09 1.72 1.69 -1.69 
-2.02 0.05 -2.08 -1.26 2.33 -1.28 
-1.10 0.54 2.63 -1.67 2.43 0.02 
-1.16 2.65 -0.27 -2.51 1.47 0.38 
1.35 2.44 -0.82 1.82 1.52 -1.74 
2.53 0.38 -1.36 2.56 1.38 -0.32 
-0.14 2.33 -1.72 0.05 2.81 0.85 
1.37 1.19 -2.27 1.27 2.53 0.82 
1.62 1.85 1.54 1.17 2.70 -0.14 
-1.83 1.92 1.18 -1.28 2.65 -0.10 
-0.39 1.98 2.08 -0.06 2.95 0.03 
-2.02 0.05 -2.08 -1.34 2.61 -0.07 
0.44 2.80 0.63 1.19 2.28 1.41 
1.62 1.85 1.54 1.52 2.52 -0.03 
-2.80 0.69 0.27 -1.28 2.64 -0.21 
1.35 2.44 -0.82 1.57 2.48 -0.21 
-0.39 1.98 2.08 -0.09 2.88 0.62 
-1.83 1.92 1.18 -1.68 2.41 -0.16 
1.49 0.44 2.45 1.09 2.56 0.95 
-0.14 2.33 -1.72 0.12 1.05 2.74 
2.54 1.39 0.09 0.96 2.32 -1.53 
-1.16 2.65 -0.27 -1.18 2.31 -1.37 
2.53 0.38 -1.36 -0.13 1.62 -2.45 
-2.20 1.48 -1.18 -1.10 1.71 -2.12 
-1.10 0.54 2.63 -0.77 2.83 -0.09 
1.37 1.19 -2.27 1.28 2.62 -0.37 
